observer> show temperature_total_list
observer: [297.7520881734454 296.6560279268298 295.51172105675823 296.2998548414818 295.1152778285814 294.2811495007795 295.07915821737583 298.9230901307479 295.2235571635583 291.7502095074648 294.10617301901055 294.7462337640011 294.4267251819547 294.4267251819547 294.4267251819547 294.4267251819547 294.4267251819547 294.4267251819547 294.4267251819547 294.4267251819547 300.9015110686277 298.4179299905363 294.0477780646745 290.25108835306906 290.205526607948 290.478575860817 291.7875793650931 292.45779489557236 292.9020583587933 292.94637367262015 292.9020583587933 292.7689915908935 292.7689915908935 292.8133673392827 297.502123150216 295.93164877411834 293.3847491760837 291.6492390998371 289.63418563455775 288.2838729391922 287.37301203534986 287.016437550195 287.016437550195 287.16941785015763 287.42384302911887 287.62689779582996 287.93067596723944 288.18309198586695 295.4541557046446 298.138119153125 302.9251725759382 308.95988114604205 317.21509719170655 323.075801132772 326.19032780638446 326.19032780638446]
observer> show luminosity_list
observer: [1 1 1 1 1 1 1 1.1 1.1 1.1 1.1 1.1 1.1 1.1 1.1 1.1 1.1 1.1 1.1 1.1 1.2 1.2 1.2 1.2 1.2 1.2 1.2 1.2 1.2 1.2 1.2 1.2 1.2 1.2 1.3 1.3 1.3 1.3 1.3 1.3 1.3 1.3 1.3 1.3 1.3 1.3 1.3 1.3 1.4 1.4 1.4 1.4 1.4 1.4 1.4 1.4]
observer> show patches_black_list
observer: [493 498 482 350 405 465 476 404 355 342 371 379 375 375 375 375 375 375 375 375 375 279 230 165 211 231 263 276 281 280 279 279 280 280 200 124 40 37 28 29 30 33 37 41 46 50 55 59 44 24 3 0 0 0 0 0]
observer> show patches_white_list
observer: [554 590 606 452 540 623 612 627 673 746 717 709 713 713 713 713 713 713 713 713 713 677 730 750 797 811 814 812 807 805 805 808 809 808 755 713 683 716 748 776 795 805 809 810 810 810 809 808 756 682 561 425 230 82 0 0]
observer> show patches_total_list
observer: [1089 1089 1089 1089 1089 1089 1089 1089 1089 1089 1089 1089 1089 1089 1089 1089 1089 1089 1089 1089 1089 1089 1089 1089 1089 1089 1089 1089 1089 1089 1089 1089 1089 1089 1089 1089 1089 1089 1089 1089 1089 1089 1089 1089 1089 1089 1089 1089 1089 1089 1089 1089 1089 1089 1089 1089]
observer> export-output "esp2.txt"
