observer> show temperature_total_list
observer: [297.7520881734454 296.7271088059992 295.87074458483175 296.2998548414818 295.1152778285814 293.91626206693684 294.8621615086413 287.8295234218698 291.94437618638887 294.46308538334955 296.8549258112172 295.8277307369867 295.63393585360564 287.2438582313134 291.86227603541147 295.4973328725222 299.1695132109944 297.8013028152651 296.9542250142024 286.4889401195325 288.18697013189205 290.4937227035675 292.8761984672811 293.9308836754226 294.7462337640011 295.35333529900845 295.755999267701 295.9817769454383 280.8788345629406 274.29227734282273 266.9892253879328 264.1043610072465 263.9227834774362 263.9227834774362]
observer> show luminosity_list
observer: [1 1 1 1 1 1 1 0.9 0.9 0.9 0.9 0.9 0.9 0.8 0.8 0.8 0.8 0.8 0.8 0.7 0.7 0.7 0.7 0.7 0.7 0.7 0.7 0.7 0.6 0.6 0.6 0.6 0.6 0.6]
observer> show patches_black_list
observer: [493 499 487 332 372 460 473 482 520 580 617 601 598 601 635 694 761 779 764 751 699 673 653 694 726 750 766 775 616 363 103 6 0 0]
observer> show patches_white_list
observer: [554 589 601 434 507 628 615 606 524 508 471 487 490 487 370 305 242 309 324 337 223 111 0 0 0 0 0 0 0 0 0 0 0 0]
observer> show patches_total_list
observer: [1089 1089 1089 1089 1089 1089 1089 1089 1089 1089 1089 1089 1089 1089 1089 1089 1089 1089 1089 1089 1089 1089 1089 1089 1089 1089 1089 1089 1089 1089 1089 1089 1089 1089]
observer> export-output "esp1.txt"
